90 90 90 90 90 90 90 90 90 90
90 90 90 90 90 90 90 90 90 90
90 90 90 90 90 90 90 90 90 90
90 90 90 90 90 90 90 90 90 90
90 90 90 90 90 90 90 90 90 90
90 90 90 90 90 90 90 90 90 90
90 90 90 90 90 90 90 90 90 90
90 90 90 90 90 90 90 90 90 90
90 90 90 90 90 90 90 90 90 90
90 90 90 90 90 90 90 90 90 90
90 90 90 90 90 90 90 90 90 90
90 90 90 90 90 90 90 90 90 90
90 90 90 90 90 90 90 90 90 90
90 90 90 90 90 90 90 90 90 90
90 90 90 90 90 90 90 90 90 90
90 90 90 90 90 90 90 90 90 90
90 90 90 90 90 90 90 90 90 90
90 90 90 90 90 90 90 90 90 90
90 90 90 90 90 90 90 90 90 90
90 90 90 90 90 90 90 90 90 90
90 90 90 90 90 90 90 90 90 90
90 90 90 90 90 90 90 90 90 90
90 90 90 90 90 90 90 90 90 90
90 90 90 90 90 90 90 90 90 90
90 90 90 90 90 90 90 90 90 90
90 90 90 90 90 90 90 90 90 90
90 90 90 90 90 90 90 90 90 90
90 90 90 90 90 90 90 90 90 90
90 90 90 90 90 90 90 90 90 90
90 90 90 90 90 90 90 90 90 90
90 90 90 90 90 90 90 90 90 90
90 90 90 90 90 90 90 90 90 90
90 90 90 90 90 90 90 90 90 90
90 90 90 90 90 90 90 90 90 90
90 90 90 90 90 90 90 90 90 90
90 90 90 90 90 90 90 90 90 90
90 90 90 90 90 90 90 90 90 90
90 90 90 90 90 90 90 90 90 90
90 90 90 90 90 90 90 90 90 90
90 90 90 90 90 90 90 90 90 90
90 90 90 90 90 90 90 90 90 90
90 90 90 90 90 90 90 90 90 90
90 90 90 90 90 90 90 90 90 90
90 90 90 90 90 90 90 90 90 90
90 90 90 90 90 90 90 90 90 90
90 90 90 90 90 90 90 90 90 90
90 90 90 90 90 90 90 90 90 90
90 90 90 90 90 90 90 90 90 90
90 90 90 90 90 90 90 90 90 90
90 90 90 90 90 90 90 90 90 90
90 90 90 90 90 90 90 90 90 90
90 90 90 90 90 90 90 90 90 90
90 90 90 90 90 90 90 90 90 90
90 90 90 90 90 90 90 90 90 90
90 90 90 90 90 90 90 90 90 90
90 90 90 90 90 90 90 90 90 90
90 90 90 90 90 90 90 90 90 90
90 90 90 90 90 90 90 90 90 90
90 90 90 90 90 90 90 90 90 90
90 90 90 90 90 90 90 90 90 90
90 90 90 90 90 90 90 90 90 90
90 90 90 90 90 90 90 90 90 90
90 90 90 90 90 90 90 90 90 90
90 90 90 90 90 90 90 90 90 90
90 90 90 90 90 90 90 90 90 90
90 90 90 90 90 90 90 90 90 90
90 90 90 90 90 90 90 90 90 90
90 90 90 90 90 90 90 90 90 90
90 90 90 90 90 90 90 90 90 90
90 90 90 90 90 90 90 90 90 90
90 90 90 90 90 90 90 90 90 90
90 90 90 90 90 90 90 90 90 90
90 90 90 90 90 90 b8 4e 30 61
72 8d 6c 24 18 68 07 96 04 08
c3 ff 33 68 55
